0.0 24.99 2.25
1.0 23.36 2.27
2.0 28.19 2.06
3.0 26.77 2.51
4.0 30.11 2.36
5.0 28.52 1.96
6.0 34.68 1.96
7.0 34.61 2.3
8.0 34.58 2.02
9.0 34.92 2.38
10.0 38.5 1.49
11.0 40.51 2.0
12.0 41.63 1.2
13.0 43.69 2.78
14.0 42.35 1.99
15.0 46.93 1.23
16.0 50.35 2.8
17.0 54.65 2.59
18.0 53.84 2.42
19.0 48.91 1.93
20.0 55.87 2.29
21.0 59.37 1.98
22.0 57.32 1.55
23.0 60.08 1.91
24.0 59.27 2.81
25.0 59.54 1.87
26.0 63.01 2.63
27.0 65.75 0.59
28.0 66.82 2.45
29.0 65.75 1.78
30.0 66.83 1.88
31.0 74.73 1.45
32.0 77.53 2.08
33.0 73.99 2.05
34.0 79.23 1.84
35.0 77.7 1.26
36.0 84.3 2.61
37.0 80.87 2.71
38.0 86.9 1.68
39.0 82.13 1.95
40.0 87.39 1.74
41.0 87.17 2.03
42.0 89.95 2.06
43.0 90.38 2.34
44.0 90.54 2.73
45.0 94.47 2.46
46.0 96.81 2.21
47.0 96.47 2.01
48.0 99.14 1.75
49.0 103.37 2.48
