27.1117
33.6867
34.09
36.1367
38.8636
38.9381
38.954
42.6383
42.7488
45.7729
45.8767
48.1029
48.7276
49.1114
49.4995
50.0471
50.1576
50.5955
50.89
51.0924
51.3202
51.8998
52.2231
52.651
52.9233
53.0945
53.1986
53.4405
53.55
53.5779
53.6438
54.7548
54.8462
55.1074
55.2667
55.5002
57.085
57.39
57.8257
58.1567
58.2169
58.5617
58.8295
58.8333
58.9864
59.115
59.1667
59.4321
59.7174
60.8667
61.4174
61.7593
61.8526
61.9336
61.97
62
62.059
62.1667
62.3519
62.5733
62.7333
63.3126
63.3321
63.719
64.1181
64.1314
64.3467
64.6952
64.7933
65.1312
65.2669
65.3555
65.5167
65.5631
65.5986
65.9338
65.9414
65.9567
66.25
66.251
66.3043
66.4486
66.591
66.75
66.9405
66.9417
67.2431
67.459
67.5
67.6255
67.706
67.7695
67.9007
67.9393
67.975
67.9881
67.9983
68.0786
68.3202
68.3398
68.6436
69.0333
69.0833
69.126
69.1407
69.4271
70.0543
70.2926
70.2976
70.3493
70.45
70.45
70.5
71.1333
71.5705
71.8667
71.9167
72.6
72.6
72.7898
72.8693
72.9145
73.2833
73.4193
73.6667
73.9667
74.371
74.5833
74.5833
74.7007
75.195
75.5402
75.9233
75.984
76
76.934
76.9769
77.4167
77.5833
78.3629
78.6388
78.6655
78.7174
78.8333
78.9
79.3638
79.5833
79.9167
79.9167
80.0838
80.25
80.3167
80.4219
80.4555
81.3405
81.3476
81.7333
81.8767
81.9264
82.4167
82.5924
83.1
83.1162
83.236
83.4483
83.8333
83.8795
84.2288
84.254
84.3236
84.3552
84.3681
84.4652
84.5667
84.5667
85.0929
85.2348
85.9219
86.7317
87.1667
88.3369
88.636
88.7667
88.7667
88.7667
88.9414
89.3333
89.5
89.6667
90.7102
90.9167
91.265
91.55
92.1667
92.2833
93.0124
93.65
94.0367
94.7345
94.8333
95
95
97.9
98.5833
98.8724
98.9167
99.584
