0.0 0.0
0.002 0.357
0.004 0.704
0.006 1.033
0.008 1.305
0.01 1.654
0.012 1.409
0.014 2.058
0.016 2.022
0.018 2.609
0.02 2.582
0.022 2.871
0.023 3.026
0.025 3.201
0.027 3.507
0.029 3.701
0.031 3.403
0.033 3.717
0.035 3.784
0.037 3.662
0.039 3.674
0.041 3.761
0.043 3.76
0.045 3.79
0.047 3.899
0.049 3.72
0.051 3.894
0.053 3.574
0.055 4.024
0.057 3.735
0.059 3.892
0.061 3.425
0.063 4.105
0.065 3.526
0.066 3.902
0.068 3.947
0.07 4.065
0.072 3.893
0.074 3.691
0.076 3.72
0.078 3.804
0.08 3.925
0.082 3.968
0.084 3.945
0.086 3.954
0.088 3.849
0.09 4.052
0.092 3.615
0.094 3.596
0.096 3.471
0.098 3.326
0.1 3.112
0.102 3.099
0.104 3.046
0.106 3.321
0.108 2.813
0.109 2.66
0.111 2.238
0.113 1.897
0.115 1.88
0.117 1.68
0.119 1.165
0.121 1.055
0.123 0.702
0.125 0.442
0.127 0.171
0.129 -0.051
0.131 -0.294
0.133 -0.829
0.135 -0.987
0.137 -0.965
0.139 -1.748
0.141 -1.533
0.143 -1.744
0.145 -1.718
0.147 -2.136
0.149 -2.507
0.151 -2.905
0.152 -2.595
0.154 -2.846
0.156 -2.707
0.158 -3.109
0.16 -3.013
0.162 -3.106
0.164 -3.145
0.166 -3.217
0.168 -3.187
0.17 -3.318
0.172 -3.268
0.174 -3.423
0.176 -3.133
0.178 -3.02
0.18 -3.519
0.182 -3.14
0.184 -3.431
0.186 -3.33
0.188 -3.246
0.19 -3.412
0.192 -3.226
0.194 -3.489
0.196 -3.393
0.197 -3.5
0.199 -3.482
0.201 -3.613
0.203 -3.535
0.205 -3.583
0.207 -3.517
0.209 -3.527
0.211 -3.514
0.213 -3.625
0.215 -3.353
0.217 -3.461
0.219 -3.454
0.221 -3.405
0.223 -3.416
0.225 -3.014
0.227 -3.333
0.229 -2.989
0.231 -2.356
0.233 -2.596
0.235 -2.331
0.237 -2.402
0.239 -2.018
0.24 -1.732
0.242 -1.468
0.244 -1.2
0.246 -0.853
0.248 -0.592
0.25 -0.319
0.252 -0.109
0.254 0.229
0.256 0.465
0.258 0.719
0.26 1.038
0.262 1.339
0.264 1.394
0.266 1.739
0.268 1.675
0.27 2.442
0.272 2.357
0.274 2.529
0.276 2.679
0.278 2.282
0.28 2.502
0.282 2.717
0.283 2.818
0.285 2.857
0.287 2.934
0.289 2.971
0.291 2.972
0.293 2.954
0.295 2.991
0.297 2.853
0.299 2.824
0.301 2.705
0.303 3.228
0.305 2.872
0.307 3.154
0.309 2.632
0.311 2.556
0.313 2.776
0.315 3.056
0.317 2.642
0.319 2.929
0.321 2.824
0.323 3.148
0.325 3.179
0.326 2.87
0.328 2.913
0.33 3.048
0.332 3.056
0.334 3.017
0.336 3.09
0.338 2.916
0.34 3.062
0.342 2.824
0.344 3.112
0.346 2.673
0.348 3.004
0.35 2.576
0.352 2.054
0.354 2.21
0.356 2.071
0.358 1.68
0.36 1.448
0.362 1.577
0.364 1.447
0.366 1.192
0.368 0.747
0.37 0.459
0.371 0.289
0.373 0.05
0.375 -0.236
0.377 -0.566
0.379 -0.9
0.381 -0.983
0.383 -1.131
0.385 -1.569
0.387 -1.554
0.389 -2.268
0.391 -2.265
0.393 -2.319
0.395 -2.842
0.397 -2.931
0.399 -3.038
0.401 -2.668
0.403 -2.981
0.405 -3.051
0.407 -3.414
0.409 -3.156
0.411 -3.163
0.413 -3.311
0.414 -3.309
0.416 -3.338
0.418 -3.341
0.42 -3.395
0.422 -3.238
0.424 -3.082
0.426 -3.143
0.428 -3.178
0.43 -3.485
0.432 -3.391
0.434 -3.023
0.436 -2.78
0.438 -3.139
0.44 -2.738
0.442 -3.399
0.444 -3.254
0.446 -3.233
0.448 -2.991
0.45 -3.164
0.452 -3.037
0.454 -3.22
0.456 -3.058
0.457 -3.064
0.459 -3.035
0.461 -2.965
0.463 -2.961
0.465 -2.924
0.467 -2.858
0.469 -3.055
0.471 -2.457
0.473 -2.678
0.475 -2.464
0.477 -2.405
0.479 -1.973
0.481 -2.167
0.483 -2.009
0.485 -1.198
0.487 -1.214
0.489 -0.775
0.491 -0.865
0.493 -0.656
0.495 -0.247
0.497 -0.094
0.499 0.262
0.5 0.576
0.502 0.798
0.504 1.083
0.506 1.526
0.508 1.665
0.51 1.781
0.512 1.86
0.514 2.577
0.516 2.45
0.518 2.514
0.52 3.005
0.522 3.338
0.524 3.374
0.526 3.074
0.528 3.839
0.53 3.57
0.532 3.77
0.534 3.667
0.536 3.756
0.538 3.747
0.54 3.89
0.542 3.858
0.543 3.848
0.545 3.792
0.547 3.67
0.549 4.022
0.551 3.678
0.553 3.879
0.555 4.077
0.557 3.68
0.559 3.776
0.561 3.726
0.563 3.931
0.565 3.943
0.567 3.94
0.569 3.654
0.571 3.951
0.573 3.415
0.575 3.563
0.577 3.473
0.579 3.57
0.581 3.568
0.583 3.586
0.585 3.596
0.587 3.586
0.588 3.479
0.59 3.574
0.592 3.545
0.594 3.377
0.596 3.461
0.598 3.267
0.6 2.683
0.602 3.131
0.604 2.348
0.606 2.132
0.608 2.31
0.61 2.287
0.612 1.849
0.614 1.244
0.616 1.09
0.618 0.835
0.62 0.683
0.622 0.237
0.624 0.035
0.626 -0.275
0.628 -0.51
0.63 -0.993
0.631 -1.291
0.633 -1.584
0.635 -1.91
0.637 -1.993
0.639 -2.504
0.641 -2.543
0.643 -2.643
0.645 -3.072
0.647 -3.27
0.649 -3.321
0.651 -3.239
0.653 -3.489
0.655 -3.367
0.657 -3.618
0.659 -3.82
0.661 -3.881
0.663 -3.847
0.665 -3.873
0.667 -3.897
0.669 -3.904
0.671 -3.907
0.673 -4.046
0.674 -3.788
0.676 -3.715
0.678 -3.602
0.68 -3.717
0.682 -4.227
0.684 -3.978
0.686 -4.11
0.688 -3.776
0.69 -4.15
0.692 -3.871
0.694 -3.599
0.696 -3.788
0.698 -4.019
0.7 -3.801
0.702 -3.996
0.704 -3.9
0.706 -4.011
0.708 -3.949
0.71 -3.945
0.712 -3.836
0.714 -3.819
0.716 -3.811
0.717 -3.639
0.719 -3.773
0.721 -3.425
0.723 -3.493
0.725 -3.567
0.727 -3.231
0.729 -2.841
0.731 -3.016
0.733 -2.734
0.735 -2.519
0.737 -2.153
0.739 -1.898
0.741 -1.856
0.743 -1.353
0.745 -1.096
0.747 -0.923
0.749 -0.559
0.751 -0.259
0.753 0.102
0.755 0.341
0.757 0.712
0.759 0.92
0.761 1.084
0.762 1.313
0.764 1.695
0.766 2.243
0.768 1.89
0.77 2.064
0.772 2.757
0.774 2.644
0.776 2.737
0.778 2.995
0.78 3.01
0.782 2.908
0.784 3.244
0.786 3.26
0.788 3.385
0.79 3.342
0.792 3.403
0.794 3.403
0.796 3.318
0.798 3.38
0.8 3.383
0.802 3.252
0.804 3.723
0.805 3.192
0.807 3.146
0.809 3.69
0.811 3.802
0.813 3.219
0.815 3.197
0.817 3.483
0.819 3.661
0.821 3.32
0.823 3.423
0.825 3.833
0.827 3.776
0.829 3.612
0.831 3.734
0.833 3.7
0.835 3.711
0.837 3.778
0.839 3.568
0.841 3.458
0.843 3.567
0.845 3.764
0.847 3.59
0.848 3.04
0.85 3.569
0.852 3.452
0.854 2.67
0.856 2.926
0.858 2.953
0.86 2.21
0.862 2.318
0.864 1.856
0.866 1.461
0.868 1.312
0.87 1.214
0.872 0.839
0.874 0.635
0.876 0.347
0.878 0.125
0.88 -0.256
0.882 -0.542
0.884 -0.661
0.886 -1.287
0.888 -1.37
0.89 -1.325
0.891 -1.622
0.893 -1.987
0.895 -1.848
0.897 -2.61
0.899 -2.44
0.901 -2.403
0.903 -2.916
0.905 -2.56
0.907 -2.94
0.909 -2.924
0.911 -2.875
0.913 -2.902
0.915 -2.999
0.917 -2.979
0.919 -2.982
0.921 -2.923
0.923 -2.899
0.925 -2.884
0.927 -3.127
0.929 -3.231
0.931 -2.813
0.933 -2.71
0.935 -2.817
0.936 -3.101
0.938 -3.31
0.94 -3.226
0.942 -2.94
0.944 -3.364
0.946 -2.795
0.948 -3.262
0.95 -2.987
0.952 -3.105
0.954 -3.214
0.956 -3.205
0.958 -3.156
0.96 -3.119
0.962 -3.185
0.964 -3.098
0.966 -3.047
0.968 -3.291
0.97 -3.078
0.972 -3.121
0.974 -3.103
0.976 -2.541
0.978 -2.768
0.979 -2.444
0.981 -2.256
0.983 -2.23
0.985 -1.929
0.987 -1.803
0.989 -1.543
0.991 -0.995
0.993 -1.087
0.995 -0.661
0.997 -0.368
0.999 -0.14
1.001 0.138
1.003 0.363
1.005 0.612
1.007 0.976
1.009 1.337
1.011 1.456
1.013 1.807
1.015 1.753
1.017 2.3
1.019 2.641
1.021 2.5
1.022 2.483
1.024 2.838
1.026 2.881
1.028 3.224
1.03 3.274
1.032 2.832
1.034 2.963
1.036 3.006
1.038 3.145
1.04 3.197
1.042 3.168
1.044 3.155
1.046 3.191
1.048 2.946
1.05 3.169
1.052 2.875
1.054 2.836
1.056 3.239
1.058 2.931
1.06 2.683
1.062 3.087
1.064 2.884
1.065 2.733
1.067 3.111
1.069 3.159
1.071 2.725
1.073 2.846
1.075 2.906
1.077 3.049
1.079 3.042
1.081 2.999
1.083 2.986
1.085 2.947
1.087 3.03
1.089 2.937
1.091 3.061
1.093 2.929
1.095 2.574
1.097 2.301
1.099 2.582
1.101 2.309
1.103 2.196
1.105 2.399
1.107 1.578
1.109 2.032
1.11 1.389
1.112 1.113
1.114 0.92
1.116 0.987
1.118 0.51
1.12 0.075
1.122 -0.034
1.124 -0.362
1.126 -0.595
1.128 -0.929
1.13 -1.184
1.132 -1.578
1.134 -1.485
1.136 -2.227
1.138 -1.971
1.14 -2.696
1.142 -2.628
1.144 -3.129
1.146 -3.038
1.148 -2.772
1.15 -3.285
1.152 -3.7
1.153 -3.516
1.155 -3.336
1.157 -3.844
1.159 -3.75
1.161 -3.78
1.163 -3.79
1.165 -3.733
1.167 -3.704
1.169 -3.706
1.171 -3.693
1.173 -3.516
1.175 -3.766
1.177 -3.355
1.179 -3.567
1.181 -3.873
1.183 -3.391
1.185 -3.552
1.187 -3.564
1.189 -3.685
1.191 -3.866
1.193 -3.639
1.195 -3.482
1.196 -3.25
1.198 -3.323
1.2 -3.227
1.202 -3.427
1.204 -3.535
1.206 -3.414
1.208 -3.401
1.21 -3.325
1.212 -3.434
1.214 -3.205
1.216 -3.263
1.218 -3.074
1.22 -2.777
1.222 -2.853
1.224 -2.588
1.226 -2.675
1.228 -2.738
1.23 -2.003
1.232 -1.981
1.234 -1.948
1.236 -1.968
1.238 -1.451
1.239 -1.407
1.241 -1.108
1.243 -0.631
1.245 -0.246
1.247 -0.069
1.249 0.225
1.251 0.529
1.253 0.826
1.255 1.238
1.257 1.599
1.259 1.573
1.261 1.678
1.263 2.155
1.265 2.517
1.267 2.824
1.269 2.939
1.271 3.018
1.273 3.53
1.275 3.034
1.277 3.507
1.279 3.411
1.281 3.625
1.283 4.032
1.284 3.851
1.286 3.757
1.288 3.953
1.29 3.927
1.292 3.953
1.294 4.013
1.296 3.998
1.298 3.881
1.3 4.158
1.302 3.874
1.304 4.061
1.306 3.764
1.308 3.82
1.31 3.856
1.312 3.9
1.314 3.859
1.316 3.509
1.318 4.146
1.32 3.672
1.322 4.018
1.324 4.075
1.326 3.898
1.327 3.875
1.329 4.023
1.331 3.95
1.333 3.897
1.335 3.848
1.337 3.899
1.339 3.643
1.341 3.793
1.343 3.909
1.345 3.794
1.347 3.719
1.349 3.389
1.351 2.967
1.353 3.373
1.355 3.003
1.357 2.294
1.359 2.132
1.361 2.174
1.363 1.667
1.365 1.597
1.367 1.318
1.369 0.995
1.37 0.834
1.372 0.646
1.374 0.271
1.376 -0.049
1.378 -0.355
1.38 -0.641
1.382 -0.799
1.384 -0.984
1.386 -1.425
1.388 -1.369
1.39 -2.152
1.392 -1.863
1.394 -2.084
1.396 -2.685
1.398 -2.386
1.4 -3.103
1.402 -2.93
1.404 -2.878
1.406 -3.039
1.408 -3.462
1.41 -3.609
1.412 -3.463
1.413 -3.556
1.415 -3.546
1.417 -3.589
1.419 -3.638
1.421 -3.727
1.423 -3.812
1.425 -3.53
1.427 -3.851
1.429 -3.601
1.431 -3.656
1.433 -3.281
1.435 -3.331
1.437 -3.771
1.439 -3.562
1.441 -3.413
1.443 -3.622
1.445 -3.895
1.447 -3.924
1.449 -3.65
1.451 -3.668
1.453 -3.991
1.455 -3.816
1.457 -3.851
1.458 -3.861
1.46 -3.87
1.462 -3.814
1.464 -3.676
1.466 -3.652
1.468 -3.491
1.47 -3.337
1.472 -3.578
1.474 -3.297
1.476 -3.085
1.478 -3.53
1.48 -3.092
1.482 -2.693
1.484 -2.737
1.486 -2.211
1.488 -2.419
1.49 -2.161
1.492 -1.767
1.494 -1.332
1.496 -1.229
1.498 -0.875
1.5 -0.574
1.501 -0.243
1.503 0.085
1.505 0.263
1.507 0.607
1.509 0.662
1.511 0.831
1.513 1.185
1.515 1.551
1.517 1.69
1.519 1.68
1.521 1.959
1.523 2.326
1.525 2.23
1.527 2.461
1.529 2.914
1.531 2.589
1.533 2.664
1.535 2.845
1.537 3.102
1.539 2.939
1.541 3.084
1.543 3.061
1.544 3.079
1.546 3.093
1.548 3.101
1.55 3.335
1.552 2.908
1.554 2.79
1.556 3.19
1.558 3.283
1.56 2.8
1.562 3.505
1.564 2.774
1.566 3.431
1.568 3.218
1.57 3.256
1.572 3.065
1.574 3.438
1.576 3.121
1.578 3.394
1.58 3.227
1.582 3.312
1.584 3.328
1.586 3.301
1.587 3.243
1.589 3.136
1.591 3.094
1.593 3.247
1.595 2.86
1.597 2.868
1.599 3.191
1.601 3.016
1.603 2.951
1.605 2.504
1.607 2.369
1.609 1.91
1.611 2.312
1.613 1.531
1.615 1.751
1.617 1.075
1.619 1.082
1.621 0.659
1.623 0.566
1.625 0.247
1.627 -0.048
1.629 -0.393
1.63 -0.589
1.632 -0.645
1.634 -0.82
1.636 -1.164
1.638 -1.874
1.64 -1.81
1.642 -1.944
1.644 -2.323
1.646 -2.241
1.648 -2.435
1.65 -2.912
1.652 -2.971
1.654 -3.013
1.656 -2.685
1.658 -3.085
1.66 -3.124
1.662 -3.028
1.664 -2.936
1.666 -3.009
1.668 -3.05
1.67 -3.016
1.672 -3.133
1.674 -3.061
1.675 -3.227
1.677 -2.754
1.679 -3.174
1.681 -2.999
1.683 -2.704
1.685 -2.719
1.687 -2.914
1.689 -2.567
1.691 -2.905
1.693 -3.014
1.695 -2.87
1.697 -2.926
1.699 -2.753
1.701 -2.831
1.703 -3.111
1.705 -2.924
1.707 -2.983
1.709 -2.967
1.711 -2.942
1.713 -2.909
1.715 -2.923
1.717 -2.748
1.718 -2.955
1.72 -2.465
1.722 -2.839
1.724 -2.548
1.726 -2.693
1.728 -2.53
1.73 -1.793
1.732 -1.551
1.734 -1.979
1.736 -1.174
1.738 -0.932
1.74 -0.928
1.742 -0.858
1.744 -0.618
1.746 -0.291
1.748 0.077
1.75 0.323
1.752 0.584
1.754 0.809
1.756 1.012
1.758 1.256
1.76 1.674
1.761 2.166
1.763 1.915
1.765 2.194
1.767 2.83
1.769 2.31
1.771 2.539
1.773 2.629
1.775 3.245
1.777 3.482
1.779 3.576
1.781 3.143
1.783 3.205
1.785 3.402
1.787 3.624
1.789 3.559
1.791 3.553
1.793 3.492
1.795 3.431
1.797 3.457
1.799 3.593
1.801 3.361
1.803 3.223
1.804 3.562
1.806 3.054
1.808 3.134
1.81 3.419
1.812 3.397
1.814 3.247
1.816 3.342
1.818 3.238
1.82 3.154
1.822 3.087
1.824 3.335
1.826 3.279
1.828 3.306
1.83 3.24
1.832 3.219
1.834 3.204
1.836 3.124
1.838 3.015
1.84 2.975
1.842 2.866
1.844 2.966
1.846 2.652
1.848 2.723
1.849 2.591
1.851 2.269
1.853 2.208
1.855 2.362
1.857 2.026
1.859 1.476
1.861 1.637
1.863 1.534
1.865 0.922
1.867 0.595
1.869 0.342
1.871 0.173
1.873 -0.147
1.875 -0.446
1.877 -0.737
1.879 -0.976
1.881 -1.375
1.883 -1.498
1.885 -1.827
1.887 -1.831
1.889 -2.466
1.891 -2.615
1.892 -2.99
1.894 -3.164
1.896 -3.352
1.898 -3.29
1.9 -3.465
1.902 -3.629
1.904 -3.447
1.906 -3.466
1.908 -3.868
1.91 -3.964
1.912 -3.769
1.914 -3.896
1.916 -3.946
1.918 -3.919
1.92 -3.857
1.922 -4.014
1.924 -3.941
1.926 -3.804
1.928 -3.809
1.93 -3.738
1.932 -4.116
1.934 -3.544
1.935 -3.854
1.937 -4.004
1.939 -3.848
1.941 -3.575
1.943 -3.547
1.945 -4.058
1.947 -3.798
1.949 -3.895
1.951 -3.943
1.953 -3.844
1.955 -3.782
1.957 -3.777
1.959 -3.751
1.961 -3.744
1.963 -3.595
1.965 -3.668
1.967 -3.804
1.969 -3.548
1.971 -3.124
1.973 -3.192
1.975 -3.431
1.977 -2.689
1.978 -2.495
1.98 -2.874
1.982 -2.695
1.984 -2.161
1.986 -1.703
1.988 -1.658
1.99 -1.592
1.992 -1.113
1.994 -0.939
1.996 -0.684
1.998 -0.356
2.0 -0.0
