4114.25585938 145 8.05540084839
4105.12890625 146 2.69046211243
4098.31152344 147 1.45245242119
4086.83911133 148 2.03758454323
4080.80737305 149 2.42184281349
4073.16918945 150 2.31663894653
4065.14331055 151 1.9534112215
4055.55395508 152 1.89949440956
4046.82495117 153 2.01120662689
4041.08154297 154 2.4852950573
4032.20019531 155 1.78798949718
4023.80761719 156 1.62174928188
4014.1809082 157 1.78273558617
4006.95092773 158 1.61128854752
3998.25268555 159 1.7084223032
3989.33007812 160 1.87002432346
3976.54516602 161 1.85921728611
3984.09545898 161 1.85921728611
3971.86743164 162 2.17380332947
3965.71606445 163 1.76510703564
3958.0612793 164 1.76491379738
3945.66918945 165 1.88628458977
3935.71044922 166 2.78805851936
3930.33911133 167 1.84420692921
3917.05126953 168 2.17191123962
3908.93774414 169 2.52761721611
3889.22558594 170 2.32209658623
3897.93994141 170 2.32209658623
3888.24169922 171 2.66086411476
3880.44311523 172 2.19742226601
3869.56225586 173 1.74604570866
3859.87402344 174 1.72796905041
3849.11816406 175 1.91063702106
3837.4519043 176 1.70868241787
3829.03295898 177 2.39671444893
3822.10571289 178 1.90188920498
3812.10839844 179 2.4150197506
3795.06933594 180 1.69243836403
3802.32763672 180 1.69243836403
3791.2265625 181 2.14279460907
3780.82983398 182 2.70811963081
3771.15625 183 2.7669365406
3759.4921875 184 1.88770663738
3746.09838867 185 2.0971930027
3755.5324707 185 2.0971930027
3739.17211914 186 2.51320886612
3729.48583984 187 2.55268621445
3717.8918457 188 2.42160582542
3708.92163086 189 1.52021551132
3700.09228516 190 2.07490563393
3690.44433594 191 2.45419359207
3680.32910156 192 1.95460879803
3669.69335938 193 2.95794653893
3655.79077148 194 2.69667172432
3663.77563477 194 2.69667172432
3643.9777832 195 2.9928920269
3620.66357422 196 3.55767607689
3631.51904297 196 3.55767607689
3618.36157227 197 4.02937507629
3606.36669922 198 2.87318515778
3592.63549805 199 3.019947052
3571.66650391 200 3.75618481636
3582.15795898 200 3.75618481636
3569.23657227 201 3.5367307663
3556.59545898 202 3.92789363861
3544.90283203 203 3.64913868904
3534.64501953 204 3.13628840446
3524.07128906 205 3.93094277382
3513.3515625 206 4.39423084259
3500.19702148 207 7.39459705353
3492.57299805 208 14.7909526825
3485.91162109 209 9.38439178467
3501.83276367 209 9.38439178467
3515.48413086 209 9.38439178467
3509.10742188 210 4.14892244339
3530.49926758 211 2.81541395187
3566.11206055 211 2.81541395187
3550.81567383 212 3.71469664574
3549.85961914 213 3.55128121376
3564.29785156 213 3.55128121376
