1918.01245117 520 0.457754224539
1363.98144531 522 1.38717019558
1364.19494629 523 1.02011978626
1363.38574219 524 0.271189033985
1895.82385254 529 1.09873974323
1628.9765625 538 4.67461585999
1641.2208252 538 4.67461585999
1652.62866211 538 4.67461585999
1623.45141602 539 2.94032239914
1654.0177002 539 2.94032239914
1620.75390625 540 0.426859676838
1535.27270508 550 1.10719454288
1532.34069824 551 1.36599338055
1530.84716797 552 0.278186172247
1308.23095703 576 1.02437341213
1284.73962402 584 0.338657766581
1266.49682617 588 2.34715485573
1271.48303223 589 1.44280362129
1274.77978516 590 0.912159860134
1274.83520508 591 0.875874400139
1275.07800293 592 3.0084335804
1273.74267578 593 1.45198893547
1270.43139648 594 1.42590022087
1269.62841797 595 1.33917987347
1269.10095215 596 1.22843110561
1269.13476562 597 0.829012274742
1269.1640625 598 0.84842723608
1143.87329102 599 2.53082203865
1267.01916504 599 2.53082203865
1265.89733887 600 3.19911670685
1346.83361816 600 3.19911670685
1264.12548828 601 2.56706905365
1347.05908203 601 2.56706905365
1263.85375977 602 0.910259723663
1262.64196777 603 0.912086009979
1261.27355957 604 0.99621796608
1421.38818359 606 0.516077816486
1419.40185547 607 1.42245459557
1416.03149414 608 1.40650355816
1412.90112305 609 0.298086285591
1135.55004883 610 1.61731827259
1138.09997559 611 2.50395679474
1354.65869141 611 2.50395679474
1143.96984863 612 4.89266204834
1353.95837402 612 4.89266204834
1148.47949219 613 4.8403096199
1356.87243652 613 4.8403096199
1068.97949219 614 3.60030341148
1149.10131836 614 3.60030341148
1360.53564453 614 3.60030341148
1148.2800293 615 1.18435609341
1146.15515137 616 1.10646224022
1144.51794434 617 1.56141757965
1143.22338867 618 0.704746067524
1107.5168457 621 1.65296447277
1524.60400391 621 1.65296447277
1346.21044922 622 0.466753929853
1071.19616699 623 1.75935852528
1292.23876953 624 0.840667009354
892.057617188 644 0.702830970287
719.184936523 652 0.538433492184
1158.37854004 654 2.63569784164
1152.57678223 655 1.13765513897
1480.21801758 658 3.48013019562
1473.17333984 659 3.09745121002
1491.44714355 659 3.09745121002
1469.0723877 660 1.26143038273
1463.90209961 661 1.24455499649
984.540710449 662 1.11538529396
1087.23156738 663 0.985786795616
1146.81945801 665 2.04723238945
1736.00830078 665 2.04723238945
1148.54174805 666 1.48524725437
1147.12487793 667 1.99901854992
1144.5144043 668 1.00412559509
975.916259766 670 3.1165626049
973.061157227 671 1.76001417637
970.441101074 672 1.11019122601
1709.40844727 674 0.705668151379
1710.50878906 675 1.41351211071
1065.83044434 677 1.40555286407
1066.02990723 678 7.54198694229
1074.68994141 678 7.54198694229
1155.32312012 678 7.54198694229
1076.5144043 679 7.43493556976
1131.33056641 679 7.43493556976
1174.09399414 679 7.43493556976
1180.53442383 679 7.43493556976
1091.31640625 680 14.9892597198
1165.39343262 680 14.9892597198
1181.00732422 680 14.9892597198
1072.61572266 681 18.6417598724
1182.90380859 681 18.6417598724
1065.3046875 682 9.12636947632
942.956298828 683 6.03008317947
1061.71862793 683 6.03008317947
1071.76647949 683 6.03008317947
943.384460449 684 4.11094331741
1059.82617188 684 4.11094331741
1622.84057617 684 4.11094331741
934.007629395 685 4.44197463989
943.177978516 685 4.44197463989
1057.72338867 685 4.44197463989
1184.49194336 685 4.44197463989
934.156982422 686 6.46464157104
943.901611328 686 6.46464157104
1053.66308594 686 6.46464157104
1065.32397461 686 6.46464157104
933.402893066 687 9.23031806946
941.812988281 687 9.23031806946
1039.71948242 687 9.23031806946
1050.16394043 687 9.23031806946
1066.75915527 687 9.23031806946
935.343261719 688 9.71522331238
1035.20776367 688 9.71522331238
1047.84375 688 9.71522331238
1070.23937988 688 9.71522331238
1329.00500488 688 9.71522331238
934.586853027 689 6.07727575302
1041.13146973 689 6.07727575302
1070.60510254 689 6.07727575302
933.174804688 690 4.38809299469
1034.45141602 690 4.38809299469
950.026794434 691 4.02264738083
1029.85144043 691 4.02264738083
960.681945801 692 5.42119693756
980.324768066 692 5.42119693756
1024.91052246 692 5.42119693756
928.014221191 693 7.33399677277
959.817199707 693 7.33399677277
1021.1373291 693 7.33399677277
927.47644043 694 4.69767999649
1014.49761963 694 4.69767999649
926.078796387 695 5.59470176697
961.519958496 695 5.59470176697
1007.39355469 695 5.59470176697
1015.07989502 695 5.59470176697
924.086669922 696 3.52112054825
1004.47705078 696 3.52112054825
925.870117188 697 4.9731502533
987.423828125 697 4.9731502533
999.752807617 697 4.9731502533
927.094360352 698 5.84332942963
993.12890625 698 5.84332942963
1006.4619751 698 5.84332942963
1083.21594238 698 5.84332942963
1128.28686523 698 5.84332942963
926.045776367 699 2.28661704063
991.289489746 699 2.28661704063
900.037780762 700 6.51638031006
922.471679688 700 6.51638031006
988.42175293 700 6.51638031006
1005.7845459 700 6.51638031006
899.811340332 701 13.1308794022
918.004821777 701 13.1308794022
946.846435547 701 13.1308794022
984.376831055 701 13.1308794022
996.201599121 701 13.1308794022
1006.80645752 701 13.1308794022
898.127990723 702 11.6208333969
911.452026367 702 11.6208333969
952.396606445 702 11.6208333969
980.605712891 702 11.6208333969
991.479675293 702 11.6208333969
899.90637207 703 13.7822179794
908.050354004 703 13.7822179794
944.740478516 703 13.7822179794
959.679138184 703 13.7822179794
975.923828125 703 13.7822179794
983.047180176 703 13.7822179794
905.631958008 704 10.0306196213
930.929321289 704 10.0306196213
941.085449219 704 10.0306196213
972.03503418 704 10.0306196213
904.30279541 705 7.01090812683
938.858886719 705 7.01090812683
967.192993164 705 7.01090812683
902.986938477 706 8.82189846039
935.647277832 706 8.82189846039
957.499755859 706 8.82189846039
967.184265137 706 8.82189846039
978.15246582 706 8.82189846039
988.355102539 706 8.82189846039
902.467468262 707 13.2289047241
932.588195801 707 13.2289047241
971.849853516 707 13.2289047241
902.88092041 708 7.42054319382
929.437927246 708 7.42054319382
950.852478027 708 7.42054319382
960.372558594 708 7.42054319382
901.541687012 709 6.592856884
926.409667969 709 6.592856884
946.49786377 709 6.592856884
958.900268555 709 6.592856884
901.070373535 710 7.49900341034
924.637634277 710 7.49900341034
931.766479492 710 7.49900341034
942.572387695 710 7.49900341034
956.611877441 710 7.49900341034
901.049377441 711 8.79928398132
922.022827148 711 8.79928398132
933.680847168 711 8.79928398132
953.828979492 711 8.79928398132
900.829833984 712 8.13646221161
920.30682373 712 8.13646221161
931.572692871 712 8.13646221161
951.886779785 712 8.13646221161
1155.21765137 712 8.13646221161
899.949707031 713 8.94219303131
917.124755859 713 8.94219303131
928.232299805 713 8.94219303131
948.709716797 713 8.94219303131
848.606689453 714 8.47748088837
898.616149902 714 8.47748088837
911.985046387 714 8.47748088837
922.707824707 714 8.47748088837
947.329467773 714 8.47748088837
875.725952148 715 10.8696737289
896.94909668 715 10.8696737289
906.1796875 715 10.8696737289
917.082580566 715 10.8696737289
945.17590332 715 10.8696737289
895.552001953 716 11.9507894516
902.494140625 716 11.9507894516
915.245056152 716 11.9507894516
942.379638672 716 11.9507894516
893.681640625 717 8.38931465149
901.996032715 717 8.38931465149
911.004760742 717 8.38931465149
938.368347168 717 8.38931465149
892.637939453 718 8.92944812775
902.171081543 718 8.92944812775
934.892089844 718 8.92944812775
891.738342285 719 7.40792798996
900.84942627 719 7.40792798996
931.559204102 719 7.40792798996
792.260620117 720 10.1151475906
890.163818359 720 10.1151475906
899.053588867 720 10.1151475906
927.497314453 720 10.1151475906
792.124084473 721 9.58782482147
884.475097656 721 9.58782482147
892.225524902 721 9.58782482147
898.966430664 721 9.58782482147
922.631164551 721 9.58782482147
888.104187012 722 6.81922483444
920.786865234 722 6.81922483444
878.297424316 723 5.73003911972
890.020324707 723 5.73003911972
916.97833252 723 5.73003911972
876.991210938 724 6.68612766266
888.543334961 724 6.68612766266
913.93737793 724 6.68612766266
885.076904297 725 6.65734148026
910.258239746 725 6.65734148026
886.796508789 726 4.9613161087
906.673950195 726 4.9613161087
865.108215332 727 6.5038690567
884.79473877 727 6.5038690567
902.436401367 727 6.5038690567
865.626220703 728 7.00734519958
880.906555176 728 7.00734519958
889.337219238 728 7.00734519958
899.552429199 728 7.00734519958
869.881347656 729 6.88973140717
879.305969238 729 6.88973140717
890.004638672 729 6.88973140717
896.425292969 729 6.88973140717
863.233886719 730 11.799654007
876.53515625 730 11.799654007
889.862304688 730 11.799654007
862.338134766 731 10.1231060028
875.851196289 731 10.1231060028
889.134460449 731 10.1231060028
860.163452148 732 9.00545120239
872.094726562 732 9.00545120239
886.621826172 732 9.00545120239
856.550720215 733 8.5942029953
868.458618164 733 8.5942029953
882.389038086 733 8.5942029953
853.178527832 734 9.20888137817
866.882873535 734 9.20888137817
879.579711914 734 9.20888137817
916.214782715 734 9.20888137817
851.074584961 735 5.78177165985
876.326782227 735 5.78177165985
912.427307129 735 5.78177165985
744.705200195 736 4.43336296082
847.038574219 736 4.43336296082
872.260253906 736 4.43336296082
903.865722656 736 4.43336296082
741.922180176 737 5.53491830826
845.140258789 737 5.53491830826
868.906616211 737 5.53491830826
897.304382324 737 5.53491830826
843.106323242 738 5.13215780258
865.54284668 738 5.13215780258
889.741088867 738 5.13215780258
701.325195312 739 4.41472291946
841.39666748 739 4.41472291946
862.025939941 739 4.41472291946
878.013549805 739 4.41472291946
840.253173828 740 6.00327301025
852.009277344 740 6.00327301025
858.120300293 740 6.00327301025
868.700561523 740 6.00327301025
838.556884766 741 6.24605560303
855.385742188 741 6.24605560303
835.909179688 742 6.08293676376
851.065307617 742 6.08293676376
833.963378906 743 5.05413484573
847.298339844 743 5.05413484573
833.289306641 744 3.85240745544
842.627990723 744 3.85240745544
830.648071289 745 3.58236408234
841.124267578 745 3.58236408234
826.343383789 746 6.02541685104
838.263427734 746 6.02541685104
823.573425293 747 3.91604161263
834.978820801 747 3.91604161263
819.945251465 748 4.06060647964
831.548400879 748 4.06060647964
800.867919922 749 4.37971544266
817.082336426 749 4.37971544266
828.347839355 749 4.37971544266
807.049194336 750 4.29689407349
814.458129883 750 4.29689407349
824.843017578 750 4.29689407349
810.989868164 751 8.43000221252
820.840087891 751 8.43000221252
792.762634277 752 6.98942708969
802.74810791 752 6.98942708969
809.910949707 752 6.98942708969
818.119567871 752 6.98942708969
807.980712891 753 3.23887777328
814.821716309 753 3.23887777328
803.270629883 754 2.14789223671
811.77355957 754 2.14789223671
808.957397461 755 1.74266505241
806.701721191 756 3.49278497696
802.391723633 757 2.07087278366
798.935424805 758 1.04998123646
796.25390625 759 1.07261490822
792.876586914 760 0.942887067795
789.270324707 761 1.5767660141
786.845275879 762 1.05644381046
783.590454102 763 2.60177135468
780.723510742 764 1.61188280582
777.194458008 765 1.25103640556
773.807189941 766 2.4035153389
771.607971191 767 0.967716932297
768.945373535 768 1.2003467083
765.953918457 769 3.48441767693
784.885192871 769 3.48441767693
752.08782959 770 2.52358818054
763.277099609 770 2.52358818054
785.313720703 770 2.52358818054
752.385864258 771 3.26808643341
760.971740723 771 3.26808643341
784.508666992 771 3.26808643341
754.889709473 772 5.00910711288
765.769287109 772 5.00910711288
779.282531738 772 5.00910711288
755.224304199 773 5.98978185654
763.619018555 773 5.98978185654
753.367980957 774 2.68389201164
750.253967285 775 1.09387004375
747.745483398 776 0.793286204338
745.318054199 777 1.11295318604
742.579650879 778 0.952362954617
740.243103027 779 0.996095597744
737.618041992 780 1.18855047226
735.364196777 781 0.911391615868
732.77923584 782 1.1505355835
730.24822998 783 1.13696193695
727.789428711 784 1.24333393574
724.983642578 785 1.25698113441
722.361877441 786 1.01774513721
719.950134277 787 1.06488835812
717.702453613 788 1.61086881161
715.19342041 789 1.09243965149
713.07434082 790 2.14693665504
709.791992188 791 1.14445710182
707.339294434 792 1.04057836533
705.090087891 793 2.58338594437
702.174133301 794 1.03968513012
699.473754883 795 1.28410744667
697.201416016 796 1.07337081432
694.554870605 797 1.29073619843
