13.1410493851 0 1 6
23.5636348724 5 3 46
4.91233348846 4 1 22
24.6359462738 4 2 28
36.2125892639 1 2 29
27.4298648834 2 2 22
72.0835494995 3 1 82
19.3794212341 6 4 39
0 2 0 10
58.8336372375 3 1 83
15.78170681 2 2 19
3.29181218147 1 1 7
3.15558719635 2 2 13
8.65334129333 2 1 19
17.5321350098 4 2 103
23.1016788483 1 3 10
17.1893081665 1 1 37
107.070213318 2 4 152
73.6945114136 1 2 31
0 2 0 16
38.7823982239 2 1 14
40.0909347534 3 1 42
24.0876083374 7 4 269
22.7336330414 4 5 75
24.3383350372 2 1 25
0 3 0 82
0 1 0 11
13.8193340302 2 1 85
9.08887004852 2 2 57
6.80127048492 3 1 137
1.71165239811 5 1 49
7.86788988113 4 2 105
38.0457115173 1 3 31
19.6693172455 5 3 26
0 2 0 26
10.1462593079 2 1 39
37.3306770325 1 1 52
17.3987064362 4 2 20
45.3998603821 3 3 23
3.3888361454 4 1 189
0 1 0 113
31.7851486206 1 2 25
11.3152561188 2 2 27
0 1 0 37
45.2918014526 0 1 40
4.26357650757 1 1 18
62.3179244995 4 4 153
22.89909935 1 1 28
242.917175293 2 1 293
51.7962150574 3 1 26
0 1 0 19
0 2 0 30
3.30542087555 2 1 23
0 1 0 21
24.8722133636 2 2 28
19.6543426514 2 1 14
4.31700468063 3 1 21
177.972335815 4 3 89
26.1527080536 1 1 57
8.60007667542 1 1 22
0 3 0 15
6.53031396866 1 2 5
7.69262123108 1 1 55
0 3 0 25
50.696056366 3 1 32
40.3428840637 0 2 11
0 1 0 21
11.0171508789 3 1 74
26.0882701874 2 2 24
16.4094638824 3 1 21
41.3083839417 1 1 34
36.0947914124 3 2 17
18.3528289795 1 1 9
111.055015564 1 1 44
23.1235141754 2 1 50
4.11091136932 1 1 28
0 1 0 8
18.3726902008 2 4 28
0 1 0 9
30.6893692017 2 1 18
23.6041488647 2 1 15
0 1 0 2
10.2303943634 1 1 22
17.2542476654 0 1 4
0 4 0 66
7.19653177261 1 1 31
26.417301178 2 2 10
102.057731628 2 12 251
5.01691961288 1 1 3
0 1 0 28
0 1 0 30
0 1 0 8
18.1962146759 1 2 29
8.68824863434 3 2 11
0 1 0 68
21.7840118408 2 1 7
8.90953826904 3 1 39
0 5 0 81
22.7477111816 3 3 28
9.24233913422 2 1 205
39.8319015503 4 3 195
55.6702461243 3 3 85
6.15422677994 1 1 9
0 1 0 12
25.9464054108 0 1 10
1.03887462616 3 1 29
36.46849823 1 2 45
0 3 0 106
126.3565979 1 1 120
0 2 0 19
42.3759880066 3 5 35
23.3682479858 7 2 49
5.51305389404 3 2 16
96.8203735352 2 2 87
27.2885398865 5 1 96
15.4204769135 0 3 17
64.0205993652 3 5 75
24.9952030182 0 1 23
15.2568950653 2 2 42
45.523021698 4 1 27
72.1633224487 4 2 279
169.249755859 2 2 99
59.7186470032 1 3 36
18.3753929138 5 1 30
0 2 0 79
27.9676856995 4 3 28
141.091903687 0 2 15
9.3727388382 1 1 10
10.1924514771 2 2 41
0.96454000473 4 1 76
56.5878982544 3 4 40
16.2772789001 2 1 15
183.0987854 4 5 207
0 1 0 22
5.16416692734 2 1 23
12.545290947 0 1 3
6.93663072586 2 1 72
32.3061332703 2 2 23
17.4487686157 5 3 28
28.0283203125 2 2 33
177.789321899 2 3 64
22.483373642 1 1 14
139.667358398 4 4 133
52.7338867188 1 1 47
0 1 0 18
28.3560161591 2 1 33
84.6543731689 1 1 30
0 1 0 7
3.79672193527 2 2 41
15.776594162 1 2 22
20.8437728882 1 2 43
5.75069379807 9 1 134
8.60439872742 2 1 15
0 1 0 6
5.23207616806 4 2 30
13.7743110657 2 2 35
0 5 0 53
0 4 0 43
5.33809328079 3 1 18
29.6479606628 2 1 51
0 1 0 36
0 6 0 154
54.1866378784 2 2 57
3.66490077972 0 1 45
74.0152206421 3 3 106
5.69655990601 2 3 19
108.873725891 1 4 33
0 3 0 38
22.7285575867 2 3 70
0 2 0 9
210.837646484 2 2 294
0 2 0 153
11.9763641357 3 3 12
3.90571045876 1 1 6
0 1 0 20
120.829208374 0 2 22
0 2 0 115
8.4102602005 3 1 41
0 1 0 15
0 2 0 13
0 1 0 33
24.6990642548 1 1 55
30.9407691956 1 2 25
14.9227437973 2 1 24
0 1 0 79
6.25345087051 1 1 4
41.8767623901 1 1 147
0 3 0 11
152.526870728 3 2 131
0 2 0 17
16.0079593658 0 2 6
24.6819324493 1 2 25
248.561950684 4 7 641
56.0130653381 3 3 26
13.5181512833 1 4 12
11.6221971512 1 1 5
0 2 0 25
35.9748001099 1 1 283
0 2 0 28
0 1 0 17
114.137535095 2 2 83
0 2 0 37
28.9834346771 3 1 30
4.81081914902 0 1 2
0 2 0 87
160.778198242 10 7 674
0 3 0 70
0 1 0 13
7.4159412384 2 1 28
20.8888092041 2 3 38
19.9175949097 2 1 73
48.6416091919 2 2 138
6.01855945587 3 1 35
0 1 0 40
30.5843830109 1 2 17
6.75347328186 2 1 23
71.2024459839 1 1 69
30.5994663239 1 3 34
28.0930843353 2 2 276
2.93441605568 3 1 30
0 1 0 71
22.1945075989 1 1 88
12.5572433472 0 1 5
31.3531284332 2 4 24
1.47388970852 2 1 29
0 4 0 58
21.7601623535 2 1 17
0 1 0 30
14.4040870667 8 4 46
14.6525917053 3 2 13
9.27988624573 2 2 14
0 1 0 33
1.90619385242 3 1 23
0 1 0 37
0 2 0 44
13.6387882233 1 1 127
5.98818397522 2 1 12
10.1613950729 3 2 36
29.1453227997 4 1 308
25.9203777313 2 3 21
40.0259208679 1 1 41
0 1 0 14
8.37290287018 1 2 6
3.98666763306 1 1 16
29.0640163422 3 2 37
10.2303771973 1 1 46
0 1 0 108
0 1 0 39
72.1474838257 1 2 32
23.2814559937 5 2 808
0 1 0 32
1.64857017994 4 2 56
14.1185121536 1 1 6
0 2 0 18
61.0581588745 1 2 139
31.7997379303 1 1 38
17.7046051025 0 1 26
40.6685791016 7 3 154
4.85273981094 0 1 9
69.5749511719 3 2 190
1.22950959206 3 1 29
146.374557495 6 11 494
4.33003473282 5 1 196
7.46942138672 1 1 45
33.3399505615 5 3 43
2.21799921989 3 2 16
17.4842834473 3 1 90
21.0614490509 0 1 4
0 1 0 20
15.8722953796 0 2 9
17.251707077 1 2 54
22.2947902679 6 5 41
7.21512460709 5 1 39
6.73959350586 1 1 7
0 3 0 28
13.456776619 4 1 89
0 4 0 49
64.9523391724 2 1 55
9.789021492 4 1 34
0 2 0 24
2.49979424477 1 1 13
27.4480190277 4 4 298
0 1 0 39
0 1 0 13
4.72238731384 4 2 43
23.2006416321 5 1 599
15.9625988007 1 1 12
87.6837692261 1 3 43
65.9677581787 2 4 469
0 3 0 81
6.43708324432 0 1 6
5.82100868225 2 1 119
0 2 0 79
0 3 0 18
50.3445014954 1 4 83
61.0253219604 3 4 30
26.9530334473 1 1 14
0 2 0 346
52.0633354187 0 2 32
22.6035556793 3 1 47
13.8889484406 7 1 224
12.8139724731 3 3 14
0 2 0 21
0 5 0 35
29.7734298706 3 4 34
0 4 0 67
116.439697266 0 2 34
26.8078250885 2 4 54
0 2 0 57
14.9052438736 1 2 78
16.1405906677 1 1 52
0 1 0 25
56.9509468079 2 2 58
196.435775757 12 15 951
35.1092453003 3 1 19
0 1 0 107
0 1 0 47
4.15366601944 2 1 22
4.656686306 7 2 325
13.2328357697 6 1 41
0 3 0 26
0 1 0 24
21.3672409058 1 2 11
17.7235183716 2 1 20
43.7244758606 3 1 194
57.0769042969 1 1 292
150.496734619 4 5 361
20.4801807404 4 3 37
0 1 0 7
150.882278442 1 1 45
11.1992902756 1 1 13
33.3672142029 1 1 25
13.0706653595 2 2 23
65.7135620117 1 1 49
23.3171253204 0 1 39
0 7 0 82
10.3575725555 2 1 20
25.2727851868 1 2 122
0 4 0 121
8.48810005188 2 1 33
0 1 0 38
37.5700874329 6 3 122
0 1 0 39
3.26807928085 2 1 12
65.9836502075 1 4 51
0 5 0 82
10.8719034195 2 2 32
3.03627133369 3 2 8
51.604385376 1 4 72
0 1 0 15
0 3 0 30
105.382446289 5 3 111
340.483154297 4 2 50
2.19540572166 1 1 11
27.3459529877 0 1 8
12.1715774536 5 2 80
185.158462524 0 2 6
39.5488815308 2 4 29
40.3106918335 1 2 28
13.5646066666 1 1 57
10.1584749222 0 2 6
3.4418053627 1 1 18
178.510162354 2 4 59
0 3 0 59
28.4196968079 1 1 16
0 1 0 124
12.8190479279 6 2 41
3.00132083893 1 1 23
34.4252586365 3 2 29
0 3 0 18
78.7510910034 1 2 23
0 4 0 34
9.78930473328 7 2 69
0 4 0 35
0 1 0 11
5.72070837021 2 1 50
48.5892601013 1 1 97
31.415435791 4 3 66
5.40292882919 0 2 6
4.86831092834 3 1 21
20.0949039459 2 3 19
4.77841711044 1 1 18
2.62056875229 2 1 51
3.85612559319 6 1 134
16.9717121124 4 1 46
32.2565956116 2 3 57
78.2771453857 4 5 641
3.01393604279 1 1 37
38.418926239 4 2 71
26.549829483 1 2 115
16.7023696899 3 3 38
18.131111145 0 2 46
0 4 0 98
2.56046700478 4 2 15
15.2422189713 1 1 20
87.658241272 1 2 67
14.2713718414 1 1 11
52.0445671082 5 1 119
0 1 0 24
0 5 0 89
0 1 0 150
5.30274915695 1 1 6
58.5189590454 4 5 55
7.35949087143 2 1 27
0 2 0 200
73.3235626221 2 3 25
15.984208107 3 2 28
30.0308246613 1 1 10
0 3 0 31
0 2 0 50
11.2460250854 5 4 185
16.1650409698 5 4 17
83.5562362671 6 2 578
22.7254524231 0 1 20
0 1 0 15
6.05008745193 6 1 41
44.2225914001 2 2 44
0 2 0 48
0 1 0 20
0 1 0 7
23.6087722778 1 2 11
8.61061573029 0 1 3
0 1 0 19
14.9900436401 4 2 26
0 3 0 40
23.6239910126 2 3 76
0 2 0 17
0 2 0 9
7.04504919052 3 1 63
25.5131034851 1 1 69
24.0833339691 1 1 23
13.6733989716 1 1 144
7.06967782974 1 4 42
0 3 0 24
0 1 0 17
11.1713171005 3 1 54
4.31447219849 9 1 309
21.8505744934 1 2 44
0 1 0 6
27.3547534943 1 2 21
70.8865203857 2 2 31
0 1 0 9
0 2 0 26
3.61487650871 2 1 23
0 2 0 62
23.6671199799 2 2 19
56.3807907104 1 2 36
0 1 0 30
123.098968506 3 2 190
5.5640707016 2 1 59
49.8771018982 1 2 45
19.7820644379 2 3 12
9.20245742798 1 1 15
16.3294410706 3 1 19
0 2 0 29
0 1 0 23
0 3 0 34
0 1 0 11
0 2 0 393
0 1 0 46
51.4264907837 2 1 34
0 2 0 14
0 2 0 35
1.38080048561 2 1 19
28.2125797272 1 2 8
143.736099243 2 2 21
25.2861309052 0 1 7
0 1 0 22
6.49922895432 1 1 237
34.4914779663 1 1 25
0 1 0 50
31.478263855 1 1 41
108.267730713 1 2 52
77.8178405762 3 1 137
24.7856369019 3 3 146
92.9890823364 4 3 234
1.96398603916 1 1 27
0 1 0 40
27.4204788208 1 1 72
2.71953225136 2 1 111
9.0034198761 3 2 35
17.7950172424 2 2 188
22.2754364014 1 4 182
0 1 0 17
5.06776332855 1 2 49
47.0732803345 2 1 40
0 1 0 19
6.58591604233 4 2 21
45.3844413757 0 3 12
12.5475301743 2 1 17
7.85633945465 6 1 62
0 2 0 98
24.3903026581 1 2 29
25.9158573151 2 1 41
30.5251941681 5 2 29
25.8687152863 0 2 11
24.6555213928 0 1 22
26.2171821594 1 1 11
5.14995384216 1 1 30
5.62191200256 1 1 28
12.2219333649 1 2 7
0 3 0 39
39.086769104 0 1 9
32.0073013306 1 1 92
7.12897777557 0 1 12
27.4760112762 1 2 28
40.8918571472 2 1 68
29.5106220245 2 2 24
9.26556110382 1 1 28
26.2273044586 1 1 23
37.1864738464 3 2 69
7.3203830719 1 1 33
0 2 0 7
15.7315425873 0 1 7
136.634216309 7 11 805
29.7083930969 1 1 18
60.4103813171 7 3 93
62.2340545654 1 1 26
0 3 0 251
0 1 0 13
0 2 0 65
11.8728580475 4 2 76
0 1 0 10
221.165679932 2 2 192
156.059768677 0 3 60
72.9764022827 4 1 112
20.0878257751 4 2 60
0 1 0 12
24.5036411285 0 1 11
10.4406709671 1 1 138
83.6876831055 6 3 432
40.2183189392 2 3 46
10.8504533768 1 1 41
6.2268910408 4 1 28
12.8280277252 1 1 75
26.5324840546 5 3 25
0 2 0 17
115.172714233 0 1 3
0 2 0 46
12.5080633163 1 1 17
43.5985603333 6 4 33
30.7486934662 3 1 26
0 1 0 172
25.6103591919 2 2 30
79.9449462891 3 3 115
132.688217163 7 5 277
21.7339344025 3 1 26
74.0641784668 2 3 246
129.251220703 5 3 107
0 4 0 56
0 1 0 50
51.2546310425 1 1 31
10.8054828644 0 1 41
20.242181778 2 2 12
1.75338578224 2 1 31
0 1 0 65
0 1 0 8
0 1 0 77
6.4339799881 2 1 36
0 4 0 88
0 4 0 22
10.6921863556 2 1 44
33.8532104492 1 1 61
3.45633149147 3 1 42
1.10433340073 3 1 30
20.8910007477 2 1 23
10.3360872269 2 2 18
6.10834980011 6 2 60
33.4519577026 2 1 40
31.2741794586 3 3 30
18.110710144 2 2 93
42.339717865 1 1 25
0 1 0 22
0 2 0 59
0 3 0 106
41.8437347412 3 6 114
0 2 0 103
25.3250465393 3 2 16
6.65781641006 2 1 24
33.537776947 1 1 10
25.8887443542 3 1 14
12.833234787 1 2 5
12.7349348068 1 1 24
81.473991394 1 2 70
0 1 0 47
0 1 0 40
0 1 0 42
51.5425300598 0 2 35
3.84437561035 1 2 6
43.0645294189 3 3 15
22.3069458008 2 3 23
109.684440613 1 1 38
0 1 0 23
23.7523326874 1 2 8
27.2523326874 4 1 38
34.0820960999 4 4 66
11.3403244019 1 2 38
56.4991226196 2 1 22
35.5818099976 1 1 37
0 2 0 31
27.5986690521 0 1 32
10.1401567459 3 3 23
0 2 0 61
17.9185199738 0 2 9
0 1 0 27
331.361022949 3 2 451
10.9078063965 6 2 135
5.87665319443 2 1 9
37.0107574463 2 2 37
4.73053359985 4 1 24
13.7659492493 2 1 14
0 4 0 97
0 2 0 69
3.93456077576 1 1 50
115.621871948 4 5 164
54.6012001038 1 4 55
0 1 0 31
0 2 0 18
28.1571273804 2 1 27
5.30910921097 2 1 27
19.7524967194 2 1 290
25.4077644348 3 1 25
41.8617248535 2 2 216
0 1 0 8
0 2 0 86
6.57334280014 5 2 69
0 2 0 8
105.816101074 1 1 61
9.59626865387 4 2 71
14.1860771179 1 1 32
12.4404449463 3 1 23
44.8411407471 1 2 28
16.8212070465 1 1 39
16.1350688934 1 1 64
0 3 0 50
0 1 0 20
2.28375148773 1 1 16
33.6293067932 0 1 5
0 3 0 19
53.384185791 3 5 155
13.8070888519 2 1 41
13.3525915146 1 1 17
25.0609970093 4 1 28
0 2 0 23
29.3706264496 1 2 12
35.3121681213 1 2 26
54.3463783264 1 1 49
13.800494194 0 2 7
0 2 0 52
45.8243408203 3 2 25
112.761016846 2 6 51
0 3 0 57
0 1 0 15
0 2 0 11
0 1 0 16
0 1 0 12
10.9216327667 3 2 11
20.018535614 1 4 163
3.07820892334 2 1 17
3.01964616776 2 1 382
21.4594993591 1 1 18
58.9682655334 1 2 268
4.79539299011 2 1 101
11.9001617432 1 1 4
6.83837890625 4 1 152
4.06758880615 1 1 58
14.046913147 2 1 23
0 3 0 43
0 1 0 57
0 3 0 119
0 3 0 12
0 3 0 52
0 4 0 18
7.44549369812 4 1 82
19.5153121948 5 1 232
18.1616725922 2 2 201
133.268600464 1 1 72
35.2651748657 2 1 233
2.5476500988 1 1 18
45.8016586304 1 2 22
3.22180366516 3 1 44
33.5075149536 7 3 165
1.61813938618 4 1 16
10.6214342117 3 1 92
57.6453018188 5 3 158
23.4530887604 1 1 26
19.1664524078 1 3 13
0 1 0 171
41.4824485779 1 1 38
25.0340442657 1 1 53
18.0284175873 6 3 918
5.64787626266 1 1 38
3.97044873238 6 1 43
0 1 0 15
181.738067627 1 5 151
0 1 0 15
0 3 0 74
0 2 0 48
7.0648355484 2 2 32
27.1540985107 2 2 34
8.75503635406 1 1 12
4.9748249054 3 1 91
60.2610015869 2 2 44
11.4047498703 0 1 34
78.6068496704 3 1 365
6.29145908356 9 1 175
40.1605300903 2 1 60
0 2 0 82
0 1 0 36
18.7909545898 2 2 30
39.9723625183 1 1 58
9.74300193787 2 1 21
3.48377513885 2 1 49
4.31385946274 7 1 142
7.22093343735 2 1 41
10.8426322937 4 1 40
11.1636219025 3 1 14
11.7150888443 1 1 22
18.308719635 1 1 11
12.3409099579 1 1 38
0 8 0 319
32.5485267639 1 1 55
0 3 0 455
0 2 0 13
31.2894687653 3 1 41
18.0827960968 1 1 24
0 1 0 147
3.54299902916 2 1 22
0 1 0 18
0 1 0 25
100.175010681 3 3 238
0 1 0 13
14.1319999695 1 1 15
4.53347349167 3 2 13
0 1 0 16
0 2 0 33
13.0511550903 2 1 16
0 2 0 38
14.508140564 1 1 23
0 2 0 18
3.19806575775 2 1 42
39.2353172302 2 5 61
37.0530700684 1 1 10
5.98200750351 2 1 19
51.0729370117 0 2 7
54.4810752869 3 1 31
23.163143158 3 2 27
7.36224079132 1 1 11
54.6627845764 2 1 45
8.32476043701 4 2 48
45.6363220215 0 1 16
31.7759666443 1 2 40
50.3129959106 6 3 86
35.635887146 1 4 214
22.0134601593 3 1 12
52.4703636169 1 2 49
0 1 0 16
0 3 0 39
0 1 0 66
0 2 0 25
0 3 0 33
0 5 0 87
5.06124544144 2 1 19
0 1 0 13
0 1 0 20
0 2 0 13
6.65035247803 1 1 31
107.237518311 0 1 3
2.55804920197 3 1 37
82.203414917 4 4 67
0 2 0 174
50.5617675781 1 1 22
35.9775238037 2 2 116
0 2 0 22
57.9268836975 1 1 12
50.6755905151 6 4 145
67.2345352173 4 2 47
71.9121398926 2 3 49
85.598991394 4 2 298
19.9246749878 1 1 51
18.2319755554 5 1 69
53.4964637756 0 2 21
7.49429130554 6 2 35
0 3 0 23
7.62459802628 5 1 24
3.90859389305 2 1 28
9.39179420471 2 1 168
146.727584839 9 9 434
75.6225280762 1 1 38
1.56175065041 1 1 16
14.034828186 1 2 36
0 3 0 20
15.0163002014 3 2 20
0 1 0 44
178.02822876 5 6 377
192.412521362 3 3 499
0 1 0 5
0 3 0 45
73.6492767334 5 2 217
4.04683685303 2 1 23
17.6405239105 1 1 32
7.75128746033 1 1 24
18.7590808868 0 1 7
15.6652565002 1 1 19
0 1 0 12
0 1 0 44
25.7339763641 1 1 38
58.6148376465 1 2 19
75.102142334 2 4 55
76.0387802124 1 2 34
4.59172439575 2 1 31
41.0459938049 0 1 7
10.8165988922 2 2 60
24.7585144043 1 1 35
22.2089767456 6 2 43
0 2 0 40
98.2985229492 3 6 50
0 1 0 44
0 1 0 29
29.1666107178 5 3 76
26.5296096802 7 2 351
5.41264295578 1 1 31
15.6895952225 1 1 6
8.64326667786 1 1 22
78.5094909668 4 3 84
34.5509109497 2 2 33
0 2 0 51
12.2293643951 1 2 62
25.8130893707 2 1 71
0 2 0 81
48.4175796509 4 3 66
0 1 0 10
0 6 0 67
7.73199367523 1 1 4
79.9277191162 8 4 246
91.1101150513 1 2 92
80.7326583862 3 5 173
51.2315292358 7 5 373
27.4463500977 1 1 15
0 1 0 21
0 1 0 15
35.8799552917 2 2 128
0 5 0 70
16.3431129456 0 2 8
10.7051534653 3 2 58
41.2062644958 1 2 166
17.8434658051 1 1 31
38.2942886353 5 4 44
18.0127811432 1 1 104
18.0504817963 1 1 36
8.12171649933 0 2 14
78.1626434326 3 1 163
0 2 0 29
71.3726577759 2 1 52
0 1 0 66
0 2 0 25
0 1 0 43
36.0946922302 4 3 37
64.3006744385 3 2 31
45.0894432068 2 1 29
31.446231842 1 2 11
1.98310375214 2 1 54
18.7032794952 5 1 205
0 1 0 12
25.3759708405 0 1 16
0 3 0 60
29.8756694794 1 2 9
23.6617393494 1 1 104
9.91832256317 2 1 15
44.8831634521 3 3 14
81.0120849609 3 2 56
239.892745972 2 4 52
0 2 0 16
18.9791736603 2 1 105
35.3977355957 3 3 56
92.3789520264 1 1 29
10.6068124771 1 1 34
0 1 0 8
0 1 0 18
0 3 0 57
92.3893890381 7 7 124
32.3608055115 1 2 79
7.45904159546 3 2 10
22.105846405 1 1 20
112.561927795 2 6 48
3.76705956459 3 1 28
18.844877243 1 3 11
1.45761179924 4 1 32
1.6965034008 1 1 13
0 5 0 107
113.326370239 3 2 136
5.7650513649 1 2 20
117.854278564 2 2 194
37.9210090637 2 2 62
0 1 0 17
2.9972846508 0 1 18
252.088470459 1 5 328
21.8653278351 2 1 154
21.4656600952 0 1 21
0 1 0 48
0 2 0 20
17.039855957 0 1 56
37.8977890015 1 1 106
1.52580094337 3 1 18
0 3 0 198
0 3 0 117
15.365447998 3 1 198
35.8703041077 1 2 33
9.56875419617 1 2 8
69.757232666 0 5 25
0 1 0 16
13.7577438354 1 2 10
0 3 0 57
6.69445753098 4 1 58
0 2 0 61
83.3209228516 1 1 77
4.88790130615 4 1 146
106.516578674 2 1 132
5.32755565643 1 1 47
14.0515441895 2 3 60
8.84079551697 7 2 175
12.484254837 3 3 22
47.5796966553 0 2 19
1.40672183037 7 1 247
12.8015165329 1 1 3
0 1 0 12
0 3 0 144
23.9248657227 3 2 49
21.342256546 1 2 31
9.42112445831 5 2 40
29.7886772156 3 2 64
11.1213121414 3 1 70
8.23509788513 2 1 4
3.8951177597 3 1 33
37.9258918762 1 4 44
0 3 0 48
25.0974807739 5 1 28
15.6874542236 1 1 37
7.37164068222 3 1 58
6.09682321548 2 1 12
21.6236991882 12 3 128
0 1 0 21
62.0229911804 1 1 41
13.1682672501 2 1 52
88.7906188965 4 2 86
2.16076207161 2 1 8
69.126449585 6 2 369
0 1 0 39
89.7605667114 1 1 60
98.6666641235 3 3 522
3.58780217171 2 1 44
0 4 0 115
0 1 0 9
0 1 0 10
0 2 0 23
1.26685392857 0 1 8
39.2823219299 1 2 82
43.3897857666 2 3 55
8.42660236359 5 1 394
40.3961486816 3 2 94
4.47167348862 0 2 55
31.6401004791 1 1 138
0 1 0 9
10.0167379379 2 1 12
69.7983016968 2 2 77
3.13865971565 4 2 21
38.0499801636 0 1 39
87.110244751 7 3 602
12.8926124573 2 2 61
6.7511715889 4 1 117
19.3154296875 3 3 37
2.00155997276 4 1 32
13.670592308 2 1 39
156.649780273 1 5 113
2.90933156013 1 1 37
24.1790657043 2 2 15
57.6708946228 1 1 76
18.9400291443 0 1 39
46.8721046448 0 2 10
8.69779586792 1 1 30
1.50172173977 3 1 29
29.5629787445 2 2 33
1.94473516941 2 1 25
19.1148147583 1 1 39
0 3 0 17
11.809961319 3 2 16
45.5502700806 1 2 25
29.7265949249 1 1 88
105.390625 3 2 130
24.1671276093 3 2 25
25.3505439758 1 2 6
20.5116138458 7 5 39
10.0849838257 5 1 79
35.7895889282 3 2 186
0 1 0 16
35.0696601868 2 3 41
0 3 0 140
28.8416442871 2 1 23
54.1029167175 3 2 31
135.394317627 3 3 192
