620.824707031 1 3 33
61.9010772705 0 2 6
17.4558982849 0 2 6
709.200744629 2 2 65
36.6914405823 2 3 71
120.328948975 7 7 368
327.52053833 0 2 28
55.2707328796 0 2 8
26.4904785156 5 5 86
156.555511475 1 3 9
124.39099884 0 2 22
80.6842269897 0 1 4
64.8825302124 0 4 15
194.849655151 0 2 12
33.958568573 0 1 10
33.3567199707 0 1 3
29.7013320923 0 1 3
156.046844482 0 1 10
350.715423584 2 3 84
272.69934082 0 1 6
105.415641785 0 1 3
225.224853516 1 1 41
100.646484375 0 2 7
1342.41882324 3 7 74
112.40524292 4 3 65
95.826461792 1 2 47
88.403213501 0 1 4
141.857543945 0 4 15
6.22287464142 0 1 11
38.3509902954 0 1 3
515.139526367 0 3 35
58.7879638672 2 2 7
34.1507301331 0 1 7
244.733306885 0 2 39
3.57519054413 0 1 3
1403.22253418 1 2 39
368.984985352 0 2 20
382.706481934 0 1 17
66.2224655151 0 3 7
199.101623535 0 1 10
69.6689453125 0 1 5
62.9170188904 6 5 125
86.2351760864 2 4 88
240.349563599 0 2 6
3.50005817413 1 1 10
358.140960693 1 3 28
269.53036499 0 3 22
25.719455719 2 2 35
232.870056152 3 5 88
106.974441528 0 1 6
4.45530748367 1 1 5
27.1204376221 0 1 6
307.210632324 0 2 10
19.4942035675 0 3 12
507.952087402 1 1 24
0 1 0 11
138.147567749 0 2 10
64.3548049927 1 1 7
306.457672119 0 1 13
72.3431625366 0 3 8
167.712600708 2 3 13
74.3937301636 1 2 11
7.31605386734 0 1 12
35.9480400085 1 2 11
291.428466797 2 7 84
336.81439209 0 2 22
148.58694458 0 4 16
675.611206055 1 4 42
513.546813965 4 5 349
221.51953125 0 1 15
160.873809814 1 2 15
38.858165741 1 1 51
140.901184082 0 3 18
98.8045196533 0 2 10
257.595947266 2 1 74
0 1 0 11
68.5031356812 0 2 7
381.494720459 0 2 27
33.6686134338 0 1 7
24.9397888184 0 2 5
92.2731704712 3 3 14
219.470672607 0 4 18
215.602111816 0 2 6
77.6745452881 0 1 7
907.715332031 2 7 89
105.293624878 0 4 11
86.9067764282 1 3 10
149.879943848 0 1 8
339.325439453 2 3 21
109.955314636 0 2 8
724.258605957 0 1 17
147.052886963 0 1 10
43.5734558105 0 1 3
190.582992554 0 1 11
23.3677024841 0 1 6
53.9808425903 0 2 7
239.848983765 0 1 16
9.90987968445 0 1 3
21.8094100952 0 1 10
283.61831665 0 1 12
116.993438721 0 2 12
9.66896915436 0 1 4
153.928405762 0 1 10
69.5559234619 0 3 9
203.734237671 7 6 421
101.198822021 0 1 4
275.456207275 0 2 10
46.3054656982 0 1 5
18.8490581512 0 2 7
101.966148376 0 2 6
399.093780518 0 4 25
145.612380981 1 3 73
26.3383827209 0 2 9
106.157051086 0 1 6
29.8595123291 0 2 5
19.3676338196 0 1 5
287.838470459 0 3 30
30.1933441162 0 2 9
0 1 0 8
167.837966919 1 2 17
74.3413238525 1 2 16
6.41740179062 3 2 6
202.896072388 0 2 16
168.656082153 1 5 45
92.6083068848 0 2 8
32.0209159851 0 3 5
51.5412254333 0 3 5
54.6765937805 0 1 12
596.888183594 0 2 20
456.265472412 0 2 14
128.782348633 0 2 7
80.5430145264 0 1 4
6.80126619339 1 1 8
5.30323553085 3 2 8
983.920227051 11 24 614
293.567352295 0 1 8
645.139038086 0 2 22
31.0738487244 0 1 6
74.3879470825 0 1 5
39.9038887024 0 2 4
3.78329658508 3 1 20
126.927047729 0 1 5
44.9018554688 0 1 3
3.84281611443 0 1 3
1177.34887695 1 1 39
64.6026153564 0 2 7
83.9644165039 0 1 7
18.9870567322 0 3 21
97.9906616211 0 2 6
96.2168273926 0 7 24
65.5369110107 0 1 8
340.07131958 3 3 68
34.3358459473 2 4 27
100.586830139 0 2 12
247.522171021 0 3 14
1.04710149765 0 1 7
200.440689087 0 2 20
229.727310181 2 2 83
14.8302526474 0 2 16
24.5736427307 0 2 6
70.6378707886 0 4 13
43.8063163757 0 1 9
423.809051514 1 4 82
18.7494010925 0 1 2
93.4560546875 0 2 3
39.0352554321 0 2 5
368.601867676 0 1 13
79.5405273438 2 4 15
57.0890846252 0 1 3
757.697998047 1 3 33
36.1071434021 0 1 3
127.393669128 0 4 20
92.3436279297 0 1 3
203.375549316 0 3 10
383.18572998 0 1 15
303.053405762 4 1 34
211.095352173 0 2 13
340.50982666 0 4 17
69.1976776123 0 1 12
155.289718628 0 1 9
12.7720918655 0 1 4
172.555374146 0 2 11
196.639328003 1 4 60
32.6118583679 0 1 3
6.80305814743 1 1 8
39.975933075 0 1 3
234.671569824 1 2 27
174.873840332 2 3 113
455.698608398 3 2 294
161.088851929 0 3 30
99.7563476562 0 5 46
18.700466156 0 1 3
114.867935181 0 2 7
131.918457031 0 2 9
6.83569192886 1 2 16
73.528503418 0 2 10
77.2011108398 1 2 11
159.524536133 0 2 8
275.462280273 0 7 58
55.2892456055 0 3 13
134.748550415 0 2 10
331.799682617 0 1 22
289.784881592 0 2 11
56.3919754028 0 3 8
18.113779068 0 1 4
176.322463989 0 1 3
367.42098999 0 1 23
149.856430054 0 1 7
480.195068359 1 4 51
117.602729797 0 5 26
170.545608521 0 2 12
71.7727813721 3 3 274
375.33682251 1 6 143
171.715164185 0 2 11
264.007720947 6 3 396
38.5211372375 0 1 3
116.297477722 1 3 9
63.4706573486 0 1 7
49.2810592651 0 3 8
149.356292725 1 2 10
87.8396606445 1 3 10
117.508827209 0 3 7
850.662658691 1 1 29
97.0693893433 0 2 12
30.0436401367 0 1 5
31.1803913116 0 1 7
233.968032837 1 2 13
47.4686660767 0 1 6
82.3486175537 0 2 5
615.04864502 1 4 64
63.2258071899 0 2 28
10.8716478348 0 1 5
27.2737903595 0 1 6
1002.49609375 0 1 24
57.2827682495 1 2 7
234.903152466 0 2 14
7.54940843582 0 1 24
52.0840644836 0 2 6
8.64823818207 0 1 2
29.4772491455 0 1 3
19.7320995331 2 1 8
5.75190019608 1 1 3
500.118743896 1 2 39
119.859947205 0 1 6
112.130447388 0 1 13
191.354537964 0 3 14
163.292984009 0 2 25
90.376373291 0 1 9
40.1942939758 0 1 14
318.424926758 3 5 159
249.605255127 0 3 17
6.46928119659 0 1 3
6.30188655853 0 1 5
99.2984619141 0 2 9
482.486114502 1 3 44
46.3233375549 0 1 3
41.9600334167 0 1 4
165.570571899 0 1 12
31.6977577209 0 2 5
334.18838501 5 8 240
31.2311420441 0 1 3
265.325561523 0 3 17
61.1991958618 0 1 8
9.33101272583 0 1 3
299.741821289 0 1 16
54.3687591553 0 1 4
75.4812011719 0 1 3
395.040588379 4 7 414
115.728897095 0 2 9
669.196289062 1 4 47
262.560516357 2 2 28
320.71862793 1 2 38
167.694992065 4 2 140
373.348266602 0 2 19
123.203742981 0 2 19
64.5868759155 0 2 9
473.064117432 3 6 139
211.838409424 0 1 8
171.869567871 0 2 9
305.30682373 0 1 6
42.7704658508 4 5 51
451.769165039 1 2 16
304.34475708 0 2 11
104.323402405 0 2 17
177.145965576 0 3 18
50.3599624634 0 2 6
31.5540714264 0 2 5
509.107269287 0 1 11
47.1111335754 0 1 3
59.502040863 1 2 8
6.06305074692 0 1 14
146.884475708 0 1 14
93.9190444946 0 1 6
0 1 0 6
88.1866836548 3 4 485
27.2688121796 1 2 17
138.617507935 2 3 36
92.5377807617 0 1 14
313.380493164 0 2 18
18.1102466583 1 1 5
346.807403564 2 3 119
283.208312988 0 3 23
88.3117523193 1 3 24
48.6308631897 0 1 5
65.5875549316 5 4 86
541.707641602 2 4 58
10.0410737991 0 1 4
34.0846138 0 3 7
60.0990066528 0 2 6
13.8963680267 0 2 6
94.8504180908 0 1 5
424.031646729 1 3 48
199.016387939 0 2 7
80.9683303833 0 2 14
9.47074317932 0 1 3
592.274536133 1 3 24
22.0038890839 1 1 4
7.6149892807 0 1 3
22.4890537262 3 2 137
139.40586853 0 2 7
49.328125 0 1 10
11.0194749832 1 3 8
144.491134644 0 2 8
11.3084821701 0 1 6
13.8015966415 1 1 8
94.1209259033 1 3 20
120.358901978 1 2 7
22.8047409058 1 1 8
134.775558472 0 1 4
23.665517807 0 1 12
96.6064453125 0 2 6
36.0051002502 0 1 7
226.701034546 0 4 23
210.186630249 0 2 7
91.2507095337 0 1 3
330.814117432 0 6 53
2.40161991119 2 1 8
93.8577346802 0 2 3
79.9681930542 0 1 7
119.463737488 1 2 8
220.52104187 0 3 10
50.9327774048 0 1 8
73.8220596313 2 2 48
144.170822144 0 1 9
211.168762207 1 2 16
225.695846558 0 2 13
116.788978577 0 3 11
36.5905342102 1 1 8
66.8108901978 1 1 20
262.318054199 0 1 10
79.6469421387 0 2 7
46.4029273987 1 3 12
186.783966064 0 1 13
69.771697998 0 2 10
0 1 0 3
18.0131759644 1 2 12
37.5217056274 0 1 3
195.443405151 0 1 6
548.708251953 2 5 297
227.821868896 2 1 37
33.8376808167 0 3 8
214.868591309 1 3 192
72.9870758057 1 1 7
80.9085845947 0 2 5
2.66669654846 1 1 6
137.788269043 0 2 7
151.656661987 0 1 8
30.9163246155 2 3 147
254.437866211 0 3 14
557.083068848 2 3 87
22.8769855499 0 1 5
72.8299636841 1 2 7
79.5896224976 4 4 32
78.3174514771 2 2 111
54.3206863403 0 1 4
55.2765655518 0 1 8
108.164672852 0 2 10
3.77658820152 1 1 5
210.752166748 0 2 7
185.825820923 0 2 11
23.7388095856 1 2 6
35.4360694885 0 2 11
56.5331840515 1 1 32
167.515182495 0 2 12
59.2371406555 0 2 9
271.463623047 0 2 14
353.324981689 1 3 35
18.2854499817 3 2 13
109.666572571 4 2 29
367.296142578 0 7 42
142.878646851 0 2 8
181.47605896 0 2 9
726.816650391 0 1 11
204.663360596 0 1 21
41.7465171814 0 1 4
164.940292358 1 1 17
265.423400879 2 8 300
81.9708786011 0 2 8
25.5411472321 0 1 5
520.75402832 2 1 33
102.871841431 0 1 6
54.1739845276 0 1 5
251.737060547 0 1 11
10.3245077133 0 1 3
150.014205933 0 2 10
253.83732605 0 1 10
437.027862549 0 4 29
67.7281265259 0 3 6
77.5533294678 1 4 10
115.234970093 0 2 34
67.0874023438 0 2 18
64.620300293 0 1 4
94.8655395508 0 1 7
376.092285156 0 3 45
117.266143799 0 2 6
130.644622803 0 3 7
54.0276298523 0 1 7
25.8892993927 1 2 11
29.255941391 0 1 3
48.8584136963 0 3 8
326.44833374 0 3 22
459.252410889 2 5 45
18.4917621613 0 1 8
306.374145508 0 2 9
124.202285767 0 4 42
351.039398193 6 9 646
88.7095336914 1 2 11
456.602478027 3 3 31
77.1977920532 0 1 3
189.118835449 0 2 14
474.646392822 0 1 11
408.547607422 2 2 41
29.3388538361 0 2 8
30.6862335205 0 1 4
116.374671936 3 2 59
0 1 0 4
122.973983765 0 2 7
21.2544498444 0 1 4
249.191360474 0 3 39
169.806228638 1 2 16
85.1723175049 0 1 7
65.119354248 0 2 10
162.528167725 0 2 21
115.784645081 1 2 11
218.058227539 1 3 40
63.1716690063 1 2 8
40.1861991882 0 1 4
406.625732422 2 4 87
13.3738927841 1 1 13
173.245986938 0 1 7
1654.77905273 6 3 476
1.22570002079 2 1 6
153.191680908 1 2 14
23.3682365417 0 1 3
401.650817871 3 3 96
136.269729614 1 2 17
520.118774414 5 5 186
118.500549316 0 2 6
109.672363281 6 3 144
270.948699951 0 1 15
180.378128052 0 2 6
68.8961639404 1 5 28
306.222259521 0 1 20
200.015899658 0 3 11
25.3069534302 0 2 4
19.3852882385 1 2 28
235.238845825 1 2 137
46.690032959 1 1 56
96.4141464233 0 2 11
164.408859253 0 2 8
1036.84594727 6 2 513
81.5336151123 0 1 7
367.413330078 2 3 199
121.508895874 0 3 10
12.3110494614 2 3 16
256.320526123 0 2 12
109.888778687 0 1 6
333.41394043 0 2 18
143.655502319 0 1 9
6.580950737 1 1 36
82.5838775635 0 1 3
38.1220588684 0 1 3
129.568389893 0 1 6
9.12762832642 0 1 4
62.6944389343 0 1 5
20.7642307281 1 3 23
331.734741211 0 3 14
145.946395874 3 1 35
165.593017578 0 1 8
224.729141235 1 3 17
517.887512207 3 5 58
496.197875977 0 3 18
7.94855928421 1 1 8
49.8251609802 1 1 9
36.2683982849 0 1 13
47.0807151794 0 2 4
54.9559440613 0 1 7
4.49372959137 0 1 5
168.649139404 1 4 69
26.5074596405 1 1 12
166.327285767 0 1 14
439.864227295 0 3 17
135.329528809 1 2 35
573.301574707 2 1 57
118.032646179 0 2 5
54.1112442017 0 1 9
244.267868042 2 5 133
27.3896465302 0 1 5
45.8507232666 0 3 20
4.60238647461 2 1 16
51.5684013367 0 1 11
180.34928894 0 2 21
176.178085327 1 4 18
32.6227302551 1 1 8
33.8839492798 2 4 10
375.399841309 0 3 15
0 4 0 204
296.066497803 1 3 20
331.717102051 0 2 16
10.0297765732 0 1 4
95.1477279663 0 1 6
337.815246582 1 2 23
71.1785964966 0 2 7
146.049697876 3 2 55
19.2038764954 1 1 2
686.635559082 0 2 17
248.000671387 1 1 32
136.528656006 6 3 256
976.450012207 7 7 725
120.425468445 0 1 3
48.4953575134 0 1 9
125.588890076 0 2 8
235.045349121 0 1 7
55.1183052063 0 4 30
669.368835449 0 4 55
268.629425049 0 3 16
92.9649276733 0 3 31
514.276000977 1 1 35
476.430603027 0 3 29
340.117523193 1 6 63
131.457992554 0 3 15
264.978088379 1 4 24
205.362823486 0 4 113
395.546325684 2 2 43
188.819320679 1 1 169
31.862165451 0 2 9
527.860595703 0 2 29
199.066467285 1 2 11
141.996200562 0 5 21
40.4571647644 0 2 5
50.3335571289 2 3 10
181.153289795 1 2 11
169.289978027 0 3 35
493.072937012 1 4 45
89.2832260132 2 5 29
93.9458312988 1 1 10
51.4179611206 2 1 41
13.98960495 10 3 71
47.6214332581 0 1 5
28.5302753448 5 7 64
7.83488845825 0 2 6
295.258514404 3 4 51
162.394500732 1 2 14
761.081481934 1 3 66
319.70993042 0 2 10
45.1155776978 0 2 7
47.4765357971 0 1 10
50.5528335571 0 5 24
36.8699531555 0 2 11
729.337341309 0 2 17
0 1 0 16
174.983398438 1 1 16
136.529067993 1 2 52
37.5574569702 0 2 7
146.543411255 2 5 88
375.010314941 0 2 10
465.209899902 0 1 17
40.7682113647 0 2 9
121.779884338 0 1 4
1418.86682129 6 8 164
156.977478027 0 2 18
91.71509552 0 1 5
65.9513015747 0 3 6
12.3781747818 1 1 2
290.912994385 0 2 18
110.33266449 0 2 44
115.523002625 0 1 15
13.7952041626 0 1 5
52.1606903076 0 1 5
182.812423706 0 1 5
76.7172164917 1 1 23
13.702123642 0 1 6
160.49559021 0 2 13
31.7017612457 2 4 43
4.25682258606 0 1 10
292.352478027 0 2 13
4.67517280579 0 1 2
270.637207031 0 1 11
82.5322341919 0 1 9
672.805969238 0 5 47
3.64591193199 0 1 5
137.699310303 0 2 6
78.8650436401 0 1 7
20.6977729797 0 1 2
36.3975028992 0 2 5
73.1453094482 0 5 28
100.389732361 0 2 9
125.341201782 0 1 7
16.3411159515 1 2 8
537.662536621 0 6 56
54.7422294617 2 4 61
190.631652832 0 2 24
95.5714187622 2 4 41
40.2889900208 0 6 25
132.098846436 7 5 342
77.458442688 1 2 7
59.7586402893 0 1 11
27.3258743286 0 1 12
112.209640503 0 2 7
418.263793945 3 4 96
33.9536056519 0 1 3
95.4856872559 0 3 10
57.8258171082 0 1 7
59.1964378357 0 1 3
86.9148635864 0 4 15
13.3715667725 2 1 21
57.9748840332 0 2 7
316.012023926 0 2 7
60.1358413696 0 2 9
74.0999603271 0 1 4
939.456848145 2 2 157
34.568611145 0 1 6
25.5056991577 1 1 2
47.2133369446 0 1 8
954.906982422 0 2 43
48.7639732361 0 2 16
116.008415222 0 1 8
12.4933776855 0 1 2
49.0846214294 0 1 3
199.777191162 0 2 5
23.9444046021 0 1 6
202.964981079 0 1 3
164.828720093 0 2 7
322.373016357 0 1 11
57.0321998596 0 3 10
88.8215332031 3 4 48
108.168807983 0 1 28
24.0613498688 0 1 3
59.781414032 0 2 8
358.386505127 2 4 117
170.586044312 0 2 22
42.9705619812 1 2 6
1228.36828613 1 2 72
261.398376465 1 1 15
180.903030396 3 2 236
135.784561157 1 2 14
30.3222732544 2 4 38
0 1 0 12
185.694671631 1 4 23
174.887298584 0 1 3
13.3384923935 0 1 3
89.1808700562 0 2 6
71.4424743652 0 1 5
84.378036499 1 1 11
153.929702759 0 1 16
199.35093689 1 3 25
31.385597229 3 1 58
135.523071289 0 3 5
45.1693840027 0 2 5
0 1 0 1
359.233673096 0 2 19
1154.90551758 3 4 34
458.339477539 0 1 14
209.023773193 0 1 9
9.99481105804 1 1 3
702.200500488 4 8 121
236.940353394 1 2 19
91.1772460938 6 8 501
18.5278644562 0 2 6
523.630859375 0 2 31
53.3634147644 0 2 8
33.4428596497 0 1 5
66.3336639404 0 3 10
65.5367050171 0 1 7
502.182281494 1 2 30
0 1 0 7
37.4554367065 1 3 10
91.6250762939 1 4 57
49.7630996704 0 1 9
127.129501343 0 3 8
11.291434288 0 1 3
145.1743927 1 5 42
247.48248291 0 1 12
155.202896118 0 1 8
221.660232544 0 2 27
204.82244873 0 2 13
244.234558105 0 2 7
129.10774231 1 1 12
232.48034668 1 2 8
146.79083252 0 2 22
192.20854187 0 3 30
30.9771747589 2 2 11
126.166137695 0 1 8
164.228683472 1 3 16
78.1770629883 0 1 3
14.3424110413 0 1 3
3.63985919952 0 1 5
15.600233078 0 1 10
352.103607178 2 2 38
1429.13671875 8 5 269
26.6704750061 0 1 4
386.723266602 0 2 16
17.37758255 2 2 8
0 1 0 13
99.4051132202 0 2 10
106.798164368 0 2 6
44.7411308289 0 1 4
541.460205078 1 4 39
60.6751556396 0 1 4
818.693115234 1 3 56
137.629364014 0 3 26
185.796432495 1 1 16
38.7444839478 1 2 8
285.173431396 0 1 11
77.5066986084 1 1 12
242.360977173 1 2 31
133.224838257 0 2 6
85.843208313 0 2 8
9.85363197327 0 1 3
78.4639663696 0 4 22
3.91587781906 6 2 36
396.383575439 0 3 32
64.3212585449 2 2 27
3.27810287476 0 1 8
50.9455032349 0 2 5
32.6345596313 0 1 3
53.517906189 0 1 10
60.697063446 2 2 13
338.553466797 0 2 34
238.845657349 0 1 5
187.159881592 2 3 32
76.9889144897 0 1 9
93.8620910645 0 3 16
177.867263794 0 2 7
492.001586914 2 4 22
59.7594604492 0 2 8
480.221252441 1 2 12
7.8161740303 0 1 4
171.290100098 0 2 10
36.9567222595 0 2 11
99.6443862915 0 2 8
47.345489502 0 2 14
49.7490386963 0 1 14
585.080749512 1 5 54
260.026245117 8 6 405
348.600799561 1 5 29
135.71307373 0 2 12
464.819488525 3 7 189
72.2102966309 0 1 37
237.443161011 0 2 5
39.9511795044 0 2 10
389.659515381 0 1 7
53.3833885193 2 1 9
427.710601807 0 2 20
23.4013004303 0 1 4
339.070526123 0 4 58
191.451126099 0 1 15
109.762733459 0 1 4
63.7114105225 0 2 10
116.263595581 0 1 4
109.6847229 0 3 10
176.4034729 2 9 80
202.395996094 0 6 43
438.436096191 1 1 27
47.543384552 0 2 7
136.791687012 1 3 9
19.9736156464 2 1 82
182.877548218 0 1 10
18.5614624023 0 1 3
4.69241952896 1 1 3
194.651351929 0 4 26
6.88615894318 1 1 3
83.7215957642 0 1 3
38.0583305359 0 2 16
64.4390182495 0 1 3
468.345458984 0 3 28
54.5018424988 0 1 3
31.4336585999 0 1 6
45.3441238403 1 2 6
28.9713478088 0 4 12
157.700363159 1 2 12
0 1 0 53
117.223297119 1 3 16
500.149658203 5 7 236
18.6521205902 0 2 6
0 4 0 65
385.835418701 0 1 5
118.801109314 0 1 7
0 2 0 7
22.3290939331 0 1 11
27.4925060272 0 3 15
120.152694702 0 1 8
176.377410889 0 2 14
874.038269043 0 3 31
494.827606201 1 3 36
78.231842041 0 1 5
293.648803711 1 2 44
180.805801392 0 2 10
173.983535767 0 2 16
44.1601524353 0 1 4
30.2536468506 2 3 25
165.801177979 0 2 10
13.3768606186 0 2 8
91.561630249 0 3 10
150.703201294 0 2 9
56.3490638733 1 2 4
22.7652893066 0 1 3
122.376365662 1 1 13
571.853210449 0 2 11
133.30921936 1 1 40
78.4644165039 4 5 226
369.23550415 6 8 372
262.995635986 0 2 10
78.2665252686 0 1 10
572.736877441 0 3 28
103.309318542 0 3 18
121.796669006 0 2 4
106.196273804 0 3 10
8.11355018616 2 1 15
318.588500977 3 3 87
92.9006500244 0 3 13
340.488464355 0 2 12
35.7936286926 0 1 5
147.073028564 0 1 6
77.9459457397 1 3 25
9.17440986633 0 1 8
134.631164551 0 1 12
82.4320755005 0 2 12
152.797012329 0 2 11
313.779266357 4 2 262
69.80809021 0 2 7
114.735908508 0 3 20
171.319656372 1 3 10
154.353469849 6 9 188
47.3717002869 1 2 5
364.912841797 0 2 22
36.5176315308 0 1 6
64.0449142456 0 1 8
136.826675415 0 9 47
131.605422974 0 3 11
124.378738403 1 5 100
71.345375061 0 1 5
150.780853271 0 1 3
60.6480293274 1 4 23
32.5278625488 1 1 5
19.0419883728 0 1 3
208.646102905 0 1 5
76.7063674927 0 2 13
65.4731216431 1 1 9
952.540893555 0 2 21
24.3471393585 0 2 6
119.843109131 0 4 13
44.1306686401 2 4 41
66.7696304321 0 2 6
63.7368087769 0 1 5
430.177307129 7 7 411
195.697525024 3 4 34
190.423324585 0 1 3
0 4 0 52
123.359382629 0 1 6
36.2296714783 0 2 6
29.5416431427 1 2 12
70.9925460815 2 4 76
14.9844713211 1 1 2
38.7536735535 0 1 7
229.781463623 1 1 4
213.052688599 1 3 40
579.841003418 8 7 958
345.708374023 2 3 24
225.893508911 0 3 31
48.6130943298 1 1 9
204.458175659 0 1 8
560.15246582 9 14 147
7.74702978134 1 2 8
105.931083679 2 2 7
482.09362793 0 1 25
10.1142635345 4 1 44
414.67578125 0 6 62
355.510894775 0 2 14
70.7466583252 0 2 10
112.079429626 0 2 14
397.013427734 0 2 24
181.778762817 1 1 15
46.0131912231 0 1 5
2.79116773605 1 1 4
259.358673096 3 2 55
0 1 0 15
72.0491409302 0 2 7
1065.06774902 1 3 328
93.4153594971 0 4 34
170.021026611 0 2 11
57.0665893555 0 2 15
294.683807373 0 2 11
71.205871582 0 3 16
12.6123905182 0 1 3
192.516296387 0 1 9
17.1903381348 1 1 8
68.7690505981 0 1 6
482.539764404 1 3 22
57.6951255798 0 1 8
3.21202421188 2 1 23
176.303161621 0 1 3
394.378997803 1 2 19
417.155456543 1 4 32
292.175872803 0 2 24
74.3199310303 0 1 3
66.8408966064 0 4 11
104.322357178 0 2 40
1.47091925144 0 1 10
32.909992218 0 1 3
186.066390991 2 4 28
98.1355667114 1 2 13
97.3989181519 0 2 11
330.950653076 3 5 147
76.8723373413 0 1 6
38.1635818481 0 2 6
18.8134746552 6 3 163
12.0083274841 0 1 5
130.153823853 1 2 11
23.4221363068 0 2 10
9.21031188965 0 1 6
93.9669494629 0 3 14
77.7447357178 2 3 10
586.20892334 4 2 161
568.190002441 1 3 35
63.4542999268 0 3 7
145.813858032 0 2 8
276.364562988 0 4 14
144.867111206 0 1 3
87.0098648071 0 1 8
82.2582015991 0 3 17
30.7552852631 0 1 3
27.4326839447 0 1 6
87.9833755493 0 1 4
213.11100769 0 1 8
644.572753906 3 4 94
10.3777980804 2 1 23
7.24165201187 2 1 4
435.836395264 5 7 988
67.200881958 0 2 19
60.6507835388 1 6 33
265.951385498 1 3 12
428.572357178 0 3 30
450.639190674 1 2 23
563.746154785 1 2 21
104.212661743 6 7 313
320.631988525 1 3 29
72.9051055908 0 1 6
32.4118041992 0 1 5
604.317504883 4 2 194
61.9682159424 0 2 3
90.7339401245 0 1 10
19.1012134552 4 6 34
125.595314026 2 2 27
141.506118774 1 2 72
117.037574768 0 2 12
119.122428894 1 2 79
230.382614136 4 1 118
73.1436157227 0 2 11
243.745452881 0 2 12
209.347640991 0 3 11
1091.84082031 4 4 77
45.0081710815 0 2 8
67.4822616577 0 1 3
3.36153817177 0 1 4
159.389755249 1 1 14
116.158203125 0 2 11
307.654815674 1 3 13
7.32340860367 0 1 11
120.180541992 1 4 22
0 1 0 52
141.913482666 0 2 6
170.780960083 0 3 22
349.715179443 1 4 43
446.071563721 4 7 128
33.3755531311 0 3 36
31.0038833618 1 2 4
65.5048217773 0 1 3
318.476196289 0 1 11
360.689880371 0 3 21
6.87165355682 0 1 3
112.596878052 0 3 28
57.0283164978 1 3 9
451.320251465 2 2 46
171.255126953 1 2 19
93.2514266968 0 1 5
12.9647712708 0 2 4
78.6190795898 0 2 8
127.583534241 0 1 3
88.2374649048 0 4 23
